-----------the 1th EndMap-----------
541678293
786329541
293154786
415867932
867932415
932415867
154786329
678293154
329541678
-----------the 2th EndMap-----------
528973614
397146528
614285397
852739461
739461852
461852739
285397146
973614285
146528973
-----------the 3th EndMap-----------
657184293
184293657
293657184
576841932
841932576
932576841
765418329
418329765
329765418
-----------the 4th EndMap-----------
397452816
168739452
524816739
973245681
681973245
245681973
739524168
816397524
452168397
-----------the 5th EndMap-----------
416752398
527398641
983641752
164275839
275839164
839164275
641527983
752983416
398416527
-----------the 6th EndMap-----------
843761925
617925384
259384761
438176592
176592438
592438176
384617259
761259843
925843617
-----------the 7th EndMap-----------
417526398
398417526
526398417
174265983
983174265
265983174
741652839
839741652
652839741
-----------the 8th EndMap-----------
396512784
512478963
478396125
639251847
251847639
847639251
963125478
125784396
784963512
-----------the 9th EndMap-----------
937245681
681793452
452168937
379524816
816379524
524816379
793452168
168937245
245681793
-----------the 10th EndMap-----------
921673548
673854219
854921736
192367485
367485192
485192367
219736854
736548921
548219673
-----------the 11th EndMap-----------
671953248
953824716
824671539
167395482
395482167
482167395
716539824
539248671
248716953
-----------the 12th EndMap-----------
125478396
396251847
847963125
512784639
639512784
784639512
251847963
963125478
478396251
-----------the 13th EndMap-----------
876142935
142935876
935876142
687214593
214593687
593687214
768421359
421359768
359768421
-----------the 14th EndMap-----------
136854729
854297613
297136485
361548972
548972361
972361548
613485297
485729136
729613854
-----------the 15th EndMap-----------
863429175
429751386
751863942
638294517
294517638
517638294
386942751
942175863
175386429
